0.16523836228193045,1.4550
0.2825778986349119,1.4850
0.4076721598819002,1.5450
0.5228343861607812,1.6200
0.7089651747279218,1.5000
0.8190315203907927,1.5300
0.939102601567652,1.4100
1.0147744615241632,1.6200
1.140318325754896,1.3950
1.2255307781324747,1.4850
1.3107680342257069,1.3500
1.44082218330288,1.4250
1.5679041630043173,1.5300
1.5980654812391253,1.3800
1.6640356671729097,1.4550
1.7241900945363688,1.3950
1.804564396860591,1.4550
1.9148209043434725,1.4850
2.0449369201596905,1.3500
2.2149364554463973,1.5300
2.2700078317019434,1.3950
2.32130191567364,1.4850
2.4215137736173435,1.4850
2.4524097950158232,1.6050
2.551651742147416,1.3500
2.666780041504886,1.5450
2.7420262468927667,1.6350
2.8071539617948673,1.6200
2.8843787624314396,1.5900
2.9874199545607363,1.5750
3.0522044088462055,1.6050
3.197257393289144,1.4400
3.323272813217476,1.5300
3.4732993702992365,1.4550
3.5434037939421383,1.5000
3.653509198329659,1.5450
3.7935581044145232,1.6350
3.868610441680053,1.4850
3.9886464555347807,1.6350
4.073915642848165,1.3650
4.208980142487372,1.4550
4.344028961616681,1.5300
4.444060921346851,1.5450
4.604102192448897,1.5900
4.699522941868931,1.4250
4.83955645254408,1.4250
4.899599120637008,1.4700
4.991812778133048,1.5150
5.1268590313607385,1.5600
5.253895395033388,1.6050
5.371027093355203,1.3650
5.406073888273236,1.5450
5.501090365638135,1.4700
5.566354073326061,1.4100
5.696439583423026,1.4700
5.791484570805918,1.5000
5.93158165882119,1.4100
6.061621837989546,1.5900
6.181788427726681,1.5000
6.296860277248524,1.3950
6.42390775982819,1.3800
6.515954063518612,1.4400
6.661135057942338,1.4850
6.786179711758018,1.4100
6.881663753417997,1.3650
7.006109126655471,1.5450
7.093255128453314,1.6050
7.189328757285382,1.4700
7.292379357720617,1.4700
7.333395295105775,1.5450
7.458453633730092,1.6200
7.494433561537023,1.3650
7.606559755999865,1.5750
7.7316263625294015,1.5450
7.773739365406919,1.4250
7.854136475745535,1.5600
8.004188691843488,1.3950
8.139233804670459,1.5900
8.244377040426354,1.4250
8.311412645732526,1.4850
8.371441343916638,1.5750
8.451578727991341,1.5600
8.52659314693294,1.4850
8.621828866336203,1.3650
8.75187474750816,1.6050
8.841828130777738,1.5750
8.92690972217273,1.4250
9.006989516011089,1.4100
9.157030613202027,1.5150
9.192317177371377,1.6200
9.242558386378604,1.4700
9.282646037577921,1.3950
9.332824239445383,1.4250
9.442849530682345,1.3800
9.557897146688896,1.5300
9.65316878871483,1.4400
9.793216554398976,1.5900
9.908359678965802,1.6050
10.038385888225342,1.6200
10.163421133735085,1.4100
10.22849353920228,1.3650
10.368540164485704,1.6050
10.50357244780458,1.5150
10.613631095762592,1.4700
10.69395179925299,1.6050
10.77397343265464,1.6200
10.823991408220985,1.6050
10.89404280323042,1.6050
10.949161221015654,1.5600
11.064199998916626,1.4100
11.19425357779344,1.4850
11.292272730253325,1.5150
11.432344159252404,1.4250
11.562396882828677,1.5750
11.697432302249533,1.5750
11.7924975317452,1.6200
11.877603641755664,1.3800
12.027701473882408,1.6350
12.157796962485671,1.4700
12.263896994445401,1.5300
12.34218293795166,1.3500
12.383522178940856,1.6050
12.433176651777794,1.5600
12.512679687952163,1.4700
12.632800661660509,1.5750
12.812806357962105,1.4700
12.992836857979354,1.5450
13.1178749544909,1.5000
13.23306683118849,1.4400
13.311541511013862,1.3800
13.349694472392196,1.3800
13.504723397230949,1.4250
13.559834687511684,1.3800
13.640455886591722,1.5300
13.695800673919818,1.4550
13.79092235325111,1.3650
13.856400456274342,1.5750
